TOP,,RISING,
home decor,100,mckinnon home furnishings palatka fl,Breakout
furnishing,77,rc willey home furnishings,Breakout
home furnishing,76,noble house home furnishings,Breakout
home furniture,59,ikea home furnishings,180%
furniture,58,furnishings shop near me,180%
home furnishings store,54,ikea,170%
home furnishings near me,41,home furnishings near me,130%
furnishings near me,41,furnishings near me,120%
best home furnishings,40,darpan furnishings,100%
online home furnishings,35,darpan,90%
ikea home furnishings,30,luxury home furnishings,80%
ikea,30,home furnishings store,60%
darpan,30,at home furnishings,60%
darpan furnishings,29,home furnishings company,50%
